1585027.0000000
1204110.0000000
900897.0000000
682983.0000000
512251.0000000
389805.0000000
296746.0000000
224482.0000000
169574.0000000
128477.0000000
96808.0000000
73993.0000000
54342.0000000
42091.0000000
31126.0000000
23853.0000000
17735.0000000
13437.0000000
10070.0000000
7142.0000000
5530.0000000
4149.0000000
3027.0000000
2181.0000000
1621.0000000
1166.0000000
829.0000000
594.0000000
428.0000000
335.0000000
222.0000000
149.0000000
96.0000000
72.0000000
37.0000000
28.0000000
24.0000000
11.0000000
10.0000000
3.0000000
4.0000000
2.0000000
3.0000000
0.0000000
0.0000000
